
# instance_ID: -1
---------
16
8
95.0 61.0
96.0 70.0
17.0 91.0
45.0 19.0
11.0 13.0
14.0 56.0
21.0 78.0
26.0 5.0
3.0 88.0
21.0 10.0
42.0 38.0
47.0 2.0
61.0 71.0
83.0 31.0
24.0 25.0
37.0 68.0

# instance_ID: -1
---------
16
8
95.0 61.0
96.0 70.0
17.0 91.0
45.0 19.0
11.0 13.0
14.0 56.0
21.0 78.0
26.0 5.0
3.0 88.0
21.0 10.0
42.0 38.0
47.0 2.0
61.0 71.0
83.0 31.0
24.0 25.0
37.0 68.0

# instance_ID: -1
---------
16
8
95.0 61.0
96.0 70.0
17.0 91.0
45.0 19.0
11.0 13.0
14.0 56.0
21.0 78.0
26.0 5.0
3.0 88.0
21.0 10.0
42.0 38.0
47.0 2.0
61.0 71.0
83.0 31.0
24.0 25.0
37.0 68.0

# instance_ID: -1
---------
16
8
95.0 61.0
96.0 70.0
17.0 91.0
45.0 19.0
11.0 13.0
14.0 56.0
21.0 78.0
26.0 5.0
3.0 88.0
21.0 10.0
42.0 38.0
47.0 2.0
61.0 71.0
83.0 31.0
24.0 25.0
37.0 68.0

# instance_ID: -1
---------
16
8
95.0 61.0
96.0 70.0
17.0 91.0
45.0 19.0
11.0 13.0
14.0 56.0
21.0 78.0
26.0 5.0
3.0 88.0
21.0 10.0
42.0 38.0
47.0 2.0
61.0 71.0
83.0 31.0
24.0 25.0
37.0 68.0

# instance_ID: 50761
---------
16
8
89.0 62.0
9.0 21.0
42.0 43.0
32.0 77.0
51.0 23.0
70.0 68.0
16.0 32.0
89.0 43.0
76.0 78.0
28.0 99.0
74.0 55.0
23.0 62.0
93.0 68.0
29.0 25.0
36.0 18.0
52.0 96.0

# instance_ID: 90957
---------
16
8
50.0 95.0
43.0 0.0
77.0 39.0
24.0 77.0
78.0 37.0
31.0 87.0
68.0 3.0
12.0 63.0
84.0 98.0
46.0 15.0
60.0 79.0
63.0 96.0
81.0 26.0
54.0 61.0
76.0 2.0
3.0 92.0

# instance_ID: 63101
---------
16
8
82.0 83.0
78.0 64.0
74.0 5.0
69.0 12.0
40.0 6.0
24.0 31.0
83.0 41.0
15.0 58.0
13.0 67.0
71.0 12.0
72.0 12.0
81.0 33.0
73.0 24.0
45.0 46.0
14.0 7.0
42.0 54.0

# instance_ID: 61043
---------
16
8
97.0 41.0
27.0 60.0
45.0 71.0
43.0 83.0
32.0 34.0
70.0 75.0
68.0 49.0
78.0 54.0
45.0 73.0
37.0 19.0
38.0 84.0
6.0 71.0
63.0 13.0
71.0 47.0
81.0 73.0
8.0 26.0

# instance_ID: 96292
---------
16
8
57.0 73.0
1.0 2.0
82.0 77.0
0.0 13.0
95.0 13.0
95.0 75.0
27.0 75.0
23.0 49.0
46.0 40.0
73.0 99.0
48.0 80.0
28.0 88.0
49.0 90.0
20.0 62.0
77.0 7.0
93.0 7.0

# instance_ID: 16325
---------
16
8
62.0 17.0
94.0 80.0
95.0 48.0
50.0 55.0
16.0 1.0
94.0 3.0
73.0 96.0
18.0 60.0
28.0 34.0
98.0 59.0
93.0 98.0
46.0 88.0
54.0 6.0
66.0 47.0
24.0 86.0
56.0 63.0

# instance_ID: 56017
---------
16
8
97.0 76.0
88.0 36.0
82.0 69.0
32.0 12.0
81.0 33.0
56.0 15.0
49.0 21.0
72.0 44.0
88.0 12.0
45.0 51.0
28.0 84.0
1.0 4.0
15.0 28.0
13.0 77.0
56.0 98.0
49.0 27.0

# instance_ID: 19149
---------
16
8
39.0 19.0
96.0 7.0
98.0 52.0
41.0 96.0
25.0 60.0
61.0 66.0
98.0 0.0
81.0 96.0
14.0 74.0
64.0 9.0
35.0 88.0
76.0 8.0
16.0 72.0
76.0 7.0
52.0 30.0
97.0 22.0

# instance_ID: 92621
---------
16
8
21.0 20.0
46.0 63.0
20.0 1.0
15.0 27.0
19.0 28.0
79.0 78.0
70.0 55.0
71.0 86.0
95.0 53.0
28.0 74.0
91.0 27.0
32.0 25.0
61.0 0.0
5.0 6.0
93.0 77.0
32.0 96.0

# instance_ID: 55179
---------
16
8
3.0 0.0
73.0 37.0
95.0 46.0
15.0 74.0
28.0 0.0
53.0 35.0
92.0 68.0
3.0 1.0
59.0 42.0
43.0 49.0
47.0 4.0
30.0 62.0
34.0 53.0
33.0 92.0
91.0 71.0
58.0 56.0

# instance_ID: 49048
---------
16
8
88.0 63.0
90.0 27.0
63.0 98.0
56.0 35.0
82.0 4.0
76.0 23.0
96.0 41.0
53.0 12.0
83.0 85.0
55.0 46.0
0.0 77.0
61.0 70.0
33.0 45.0
97.0 46.0
49.0 38.0
97.0 85.0

# instance_ID: 33038
---------
16
8
89.0 57.0
99.0 25.0
37.0 61.0
57.0 57.0
54.0 59.0
19.0 84.0
4.0 7.0
99.0 19.0
48.0 32.0
29.0 84.0
13.0 50.0
86.0 87.0
68.0 53.0
13.0 72.0
64.0 91.0
20.0 75.0

# instance_ID: 53151
---------
16
8
97.0 41.0
33.0 95.0
27.0 48.0
30.0 10.0
29.0 44.0
51.0 23.0
59.0 5.0
87.0 77.0
12.0 76.0
54.0 59.0
12.0 94.0
26.0 62.0
8.0 22.0
45.0 36.0
41.0 89.0
99.0 36.0

# instance_ID: 75200
---------
16
8
3.0 42.0
52.0 59.0
83.0 42.0
91.0 13.0
24.0 20.0
24.0 45.0
93.0 63.0
65.0 33.0
70.0 25.0
90.0 98.0
94.0 18.0
63.0 28.0
83.0 93.0
40.0 39.0
72.0 19.0
6.0 89.0

# instance_ID: 54917
---------
16
8
50.0 21.0
54.0 72.0
18.0 0.0
10.0 10.0
75.0 25.0
54.0 31.0
13.0 50.0
91.0 28.0
84.0 95.0
33.0 46.0
19.0 93.0
58.0 91.0
33.0 40.0
32.0 23.0
27.0 73.0
14.0 28.0

# instance_ID: 39410
---------
16
8
64.0 97.0
61.0 74.0
32.0 30.0
21.0 62.0
60.0 52.0
34.0 62.0
35.0 96.0
95.0 98.0
81.0 64.0
86.0 73.0
41.0 76.0
22.0 97.0
11.0 81.0
37.0 0.0
19.0 94.0
60.0 67.0

# instance_ID: 51632
---------
16
8
39.0 2.0
68.0 69.0
98.0 31.0
5.0 98.0
21.0 6.0
98.0 6.0
87.0 98.0
28.0 10.0
20.0 2.0
55.0 71.0
16.0 34.0
35.0 2.0
95.0 31.0
32.0 13.0
56.0 76.0
36.0 43.0

# instance_ID: 16084
---------
16
8
83.0 96.0
59.0 42.0
32.0 43.0
37.0 53.0
72.0 75.0
86.0 75.0
61.0 98.0
27.0 47.0
45.0 76.0
97.0 48.0
97.0 46.0
40.0 73.0
40.0 25.0
74.0 3.0
58.0 13.0
12.0 24.0

# instance_ID: 58020
---------
16
8
79.0 43.0
53.0 92.0
98.0 48.0
68.0 74.0
16.0 88.0
15.0 79.0
29.0 7.0
83.0 27.0
61.0 52.0
62.0 7.0
52.0 60.0
43.0 46.0
19.0 52.0
93.0 62.0
30.0 92.0
78.0 94.0

# instance_ID: 76261
---------
16
8
17.0 44.0
69.0 4.0
32.0 85.0
96.0 42.0
90.0 64.0
52.0 55.0
65.0 64.0
64.0 1.0
36.0 50.0
43.0 69.0
15.0 85.0
58.0 99.0
79.0 24.0
10.0 39.0
69.0 61.0
14.0 4.0

# instance_ID: 62284
---------
16
8
73.0 75.0
42.0 59.0
17.0 29.0
92.0 15.0
39.0 87.0
8.0 14.0
84.0 7.0
84.0 89.0
98.0 41.0
34.0 46.0
36.0 51.0
2.0 85.0
9.0 50.0
50.0 22.0
23.0 12.0
67.0 38.0
