
# instance_ID: 51396
---------
16
8
69.0 86.0
17.0 50.0
44.0 52.0
5.0 75.0
87.0 86.0
34.0 85.0
8.0 87.0
33.0 83.0
59.0 55.0
15.0 61.0
4.0 41.0
82.0 34.0
57.0 5.0
20.0 92.0
58.0 26.0
48.0 40.0

# instance_ID: 96689
---------
16
8
66.0 23.0
90.0 82.0
47.0 66.0
1.0 87.0
83.0 9.0
97.0 53.0
21.0 55.0
58.0 49.0
86.0 23.0
63.0 54.0
41.0 30.0
49.0 9.0
70.0 74.0
51.0 57.0
4.0 46.0
99.0 33.0

# instance_ID: 29646
---------
16
8
9.0 61.0
71.0 8.0
17.0 42.0
46.0 22.0
72.0 83.0
7.0 95.0
2.0 27.0
53.0 54.0
44.0 60.0
99.0 40.0
20.0 38.0
31.0 49.0
9.0 64.0
40.0 85.0
52.0 14.0
45.0 37.0

# instance_ID: 45398
---------
16
8
69.0 98.0
53.0 29.0
0.0 4.0
1.0 96.0
31.0 19.0
76.0 50.0
52.0 71.0
73.0 78.0
67.0 38.0
14.0 94.0
41.0 8.0
48.0 1.0
80.0 32.0
4.0 37.0
40.0 26.0
29.0 42.0

# instance_ID: 86357
---------
16
8
38.0 0.0
92.0 76.0
88.0 60.0
26.0 64.0
78.0 81.0
59.0 55.0
1.0 19.0
64.0 27.0
69.0 65.0
55.0 42.0
15.0 41.0
67.0 69.0
78.0 52.0
77.0 46.0
35.0 55.0
33.0 11.0
