
# instance_ID: 17641
---------
16
8
14.0 47.0
61.0 16.0
9.0 9.0
28.0 52.0
70.0 37.0
44.0 91.0
90.0 89.0
29.0 48.0
2.0 13.0
19.0 27.0
68.0 51.0
94.0 56.0
90.0 22.0
37.0 19.0
50.0 55.0
57.0 68.0

# instance_ID: 26134
---------
16
8
22.0 27.0
76.0 37.0
62.0 48.0
6.0 83.0
18.0 43.0
85.0 39.0
19.0 60.0
4.0 2.0
27.0 51.0
32.0 49.0
27.0 40.0
70.0 74.0
23.0 87.0
48.0 18.0
97.0 95.0
56.0 82.0

# instance_ID: 38402
---------
16
8
34.0 80.0
59.0 47.0
90.0 7.0
45.0 60.0
53.0 63.0
19.0 10.0
24.0 89.0
77.0 83.0
75.0 9.0
22.0 41.0
1.0 53.0
3.0 7.0
41.0 14.0
27.0 58.0
43.0 96.0
82.0 71.0

# instance_ID: 80098
---------
16
8
45.0 78.0
46.0 90.0
53.0 25.0
26.0 8.0
96.0 84.0
11.0 22.0
97.0 69.0
83.0 70.0
6.0 31.0
96.0 61.0
1.0 73.0
40.0 17.0
24.0 91.0
70.0 54.0
74.0 43.0
90.0 61.0

# instance_ID: 32677
---------
16
8
82.0 98.0
47.0 76.0
20.0 18.0
5.0 79.0
84.0 48.0
28.0 76.0
59.0 50.0
60.0 38.0
32.0 65.0
20.0 46.0
79.0 26.0
93.0 94.0
19.0 68.0
84.0 30.0
65.0 60.0
43.0 49.0

# instance_ID: 71988
---------
16
8
98.0 63.0
14.0 94.0
33.0 65.0
34.0 88.0
58.0 98.0
57.0 32.0
48.0 42.0
92.0 14.0
78.0 50.0
2.0 79.0
23.0 12.0
9.0 68.0
60.0 97.0
37.0 16.0
43.0 30.0
95.0 50.0

# instance_ID: 63167
---------
16
8
34.0 70.0
97.0 78.0
82.0 99.0
7.0 34.0
69.0 26.0
43.0 14.0
64.0 54.0
40.0 99.0
29.0 69.0
51.0 30.0
7.0 74.0
95.0 53.0
50.0 98.0
68.0 46.0
51.0 10.0
51.0 74.0

# instance_ID: 9363
---------
16
8
80.0 35.0
17.0 12.0
45.0 71.0
9.0 88.0
73.0 57.0
59.0 15.0
54.0 7.0
10.0 80.0
79.0 36.0
35.0 3.0
67.0 57.0
76.0 38.0
48.0 42.0
48.0 68.0
93.0 17.0
55.0 51.0

# instance_ID: 27991
---------
16
8
0.0 14.0
95.0 56.0
18.0 47.0
19.0 47.0
28.0 7.0
59.0 86.0
5.0 31.0
88.0 1.0
68.0 81.0
94.0 2.0
79.0 90.0
4.0 71.0
33.0 8.0
18.0 97.0
15.0 1.0
10.0 35.0

# instance_ID: 8449
---------
16
8
27.0 47.0
57.0 52.0
16.0 0.0
53.0 96.0
6.0 86.0
56.0 25.0
43.0 7.0
78.0 81.0
54.0 70.0
40.0 65.0
15.0 83.0
88.0 72.0
74.0 53.0
66.0 51.0
56.0 75.0
34.0 61.0

# instance_ID: 54256
---------
16
8
2.0 32.0
30.0 43.0
95.0 90.0
79.0 87.0
61.0 88.0
71.0 71.0
64.0 99.0
17.0 25.0
49.0 29.0
96.0 82.0
1.0 7.0
97.0 94.0
89.0 6.0
21.0 81.0
57.0 44.0
20.0 86.0

# instance_ID: 36118
---------
16
8
66.0 39.0
13.0 42.0
25.0 39.0
54.0 31.0
10.0 17.0
63.0 54.0
16.0 20.0
16.0 23.0
98.0 22.0
39.0 16.0
7.0 41.0
85.0 79.0
47.0 16.0
57.0 66.0
97.0 0.0
81.0 58.0

# instance_ID: 70672
---------
16
8
21.0 80.0
66.0 45.0
25.0 94.0
29.0 16.0
12.0 8.0
58.0 68.0
17.0 67.0
44.0 79.0
88.0 2.0
44.0 51.0
83.0 81.0
1.0 19.0
19.0 93.0
3.0 70.0
92.0 99.0
42.0 50.0

# instance_ID: 92627
---------
16
8
22.0 26.0
19.0 51.0
18.0 46.0
69.0 79.0
31.0 15.0
11.0 52.0
27.0 11.0
36.0 83.0
71.0 80.0
52.0 47.0
30.0 5.0
66.0 62.0
76.0 94.0
40.0 27.0
88.0 71.0
64.0 82.0

# instance_ID: 56115
---------
16
8
97.0 32.0
46.0 58.0
28.0 80.0
76.0 8.0
2.0 41.0
4.0 70.0
79.0 27.0
85.0 33.0
92.0 47.0
39.0 63.0
48.0 7.0
15.0 12.0
54.0 85.0
37.0 48.0
56.0 28.0
60.0 1.0

# instance_ID: 27126
---------
16
8
1.0 99.0
55.0 0.0
93.0 70.0
3.0 47.0
85.0 54.0
78.0 96.0
48.0 10.0
16.0 87.0
47.0 19.0
22.0 7.0
27.0 22.0
31.0 13.0
78.0 36.0
47.0 4.0
63.0 90.0
1.0 6.0

# instance_ID: 63295
---------
16
8
10.0 48.0
1.0 94.0
67.0 81.0
64.0 61.0
74.0 31.0
16.0 84.0
91.0 65.0
33.0 50.0
22.0 15.0
37.0 58.0
63.0 75.0
61.0 43.0
67.0 10.0
78.0 6.0
29.0 99.0
54.0 18.0

# instance_ID: 35011
---------
16
8
70.0 22.0
95.0 41.0
41.0 61.0
1.0 14.0
11.0 43.0
76.0 86.0
29.0 6.0
90.0 30.0
65.0 25.0
82.0 16.0
30.0 82.0
63.0 16.0
65.0 14.0
91.0 88.0
57.0 11.0
14.0 71.0

# instance_ID: 54554
---------
16
8
83.0 67.0
15.0 78.0
26.0 82.0
3.0 16.0
55.0 42.0
58.0 70.0
6.0 8.0
48.0 9.0
90.0 52.0
25.0 9.0
4.0 19.0
31.0 31.0
32.0 26.0
65.0 73.0
32.0 23.0
66.0 73.0

# instance_ID: 4009
---------
16
8
88.0 16.0
65.0 10.0
81.0 64.0
28.0 9.0
82.0 59.0
35.0 2.0
1.0 78.0
0.0 70.0
76.0 2.0
43.0 26.0
78.0 1.0
69.0 94.0
44.0 43.0
87.0 67.0
77.0 94.0
95.0 14.0

# instance_ID: 82528
---------
16
8
4.0 88.0
79.0 74.0
64.0 57.0
66.0 21.0
81.0 2.0
2.0 46.0
31.0 28.0
26.0 99.0
98.0 66.0
27.0 88.0
40.0 43.0
12.0 52.0
54.0 58.0
85.0 29.0
18.0 34.0
72.0 40.0

# instance_ID: 5758
---------
16
8
63.0 64.0
69.0 44.0
16.0 24.0
1.0 24.0
72.0 36.0
35.0 19.0
27.0 71.0
41.0 12.0
13.0 38.0
25.0 54.0
79.0 25.0
37.0 72.0
91.0 36.0
63.0 73.0
42.0 65.0
87.0 32.0

# instance_ID: 66063
---------
16
8
22.0 1.0
53.0 25.0
30.0 51.0
89.0 75.0
95.0 26.0
40.0 38.0
0.0 29.0
35.0 32.0
2.0 34.0
95.0 20.0
31.0 1.0
62.0 81.0
68.0 60.0
96.0 78.0
18.0 15.0
24.0 21.0

# instance_ID: 23347
---------
16
8
97.0 34.0
75.0 38.0
70.0 4.0
78.0 53.0
62.0 55.0
99.0 13.0
76.0 61.0
93.0 26.0
4.0 57.0
23.0 23.0
16.0 76.0
69.0 11.0
81.0 44.0
15.0 5.0
26.0 99.0
36.0 27.0

# instance_ID: 85853
---------
16
8
11.0 32.0
93.0 95.0
61.0 9.0
53.0 13.0
33.0 24.0
6.0 35.0
55.0 20.0
61.0 1.0
47.0 37.0
81.0 31.0
3.0 65.0
11.0 50.0
30.0 45.0
73.0 78.0
61.0 48.0
44.0 59.0

# instance_ID: 69030
---------
16
8
4.0 62.0
12.0 28.0
13.0 77.0
6.0 73.0
76.0 37.0
55.0 56.0
2.0 22.0
80.0 13.0
42.0 57.0
37.0 53.0
50.0 5.0
73.0 13.0
83.0 26.0
50.0 22.0
45.0 58.0
16.0 32.0

# instance_ID: 69702
---------
16
8
37.0 43.0
36.0 36.0
16.0 67.0
29.0 57.0
23.0 62.0
35.0 48.0
41.0 57.0
2.0 69.0
86.0 19.0
96.0 50.0
68.0 58.0
34.0 76.0
6.0 29.0
32.0 77.0
49.0 52.0
77.0 56.0

# instance_ID: 84364
---------
16
8
53.0 98.0
48.0 16.0
2.0 15.0
69.0 65.0
57.0 41.0
41.0 44.0
76.0 83.0
16.0 78.0
19.0 67.0
12.0 64.0
23.0 37.0
26.0 11.0
8.0 30.0
46.0 82.0
24.0 87.0
32.0 90.0

# instance_ID: 76832
---------
16
8
12.0 51.0
52.0 94.0
85.0 70.0
99.0 20.0
98.0 65.0
67.0 33.0
20.0 24.0
59.0 20.0
48.0 0.0
34.0 9.0
26.0 57.0
74.0 41.0
96.0 22.0
63.0 85.0
88.0 80.0
7.0 67.0

# instance_ID: -1
---------
16
8
0.0 73.0
90.0 70.0
64.0 97.0
68.0 31.0
8.0 2.0
7.0 42.0
88.0 12.0
14.0 13.0
74.0 11.0
35.0 80.0
30.0 65.0
89.0 34.0
80.0 15.0
71.0 2.0
6.0 35.0
0.0 50.0

# instance_ID: -1
---------
4
2
57.0 1.0
99.0 74.0
26.0 23.0
67.0 79.0

# instance_ID: -1
---------
3
2
0.0 0.0
30.0 20.0
20.0 20.0

# instance_ID: -1
---------
3
2
0.0 0.0
30.0 20.0
20.0 20.0

# instance_ID: -1
---------
4
2
57.0 1.0
99.0 74.0
26.0 23.0
67.0 79.0

# instance_ID: -1
---------
16
8
0.0 73.0
90.0 70.0
64.0 97.0
68.0 31.0
8.0 2.0
7.0 42.0
88.0 12.0
14.0 13.0
74.0 11.0
35.0 80.0
30.0 65.0
89.0 34.0
80.0 15.0
71.0 2.0
6.0 35.0
0.0 50.0

# instance_ID: 15911
---------
12
6
11.0 81.0
23.0 12.0
43.0 21.0
48.0 97.0
72.0 42.0
79.0 20.0
54.0 27.0
2.0 8.0
26.0 98.0
9.0 29.0
0.0 16.0
10.0 16.0

# instance_ID: 41017
---------
12
6
38.0 65.0
34.0 93.0
64.0 88.0
14.0 72.0
16.0 30.0
97.0 19.0
11.0 72.0
55.0 24.0
99.0 45.0
80.0 95.0
99.0 10.0
2.0 24.0

# instance_ID: 30527
---------
12
6
4.0 19.0
35.0 87.0
2.0 27.0
28.0 46.0
5.0 39.0
10.0 50.0
52.0 13.0
77.0 22.0
49.0 80.0
16.0 15.0
37.0 82.0
23.0 41.0

# instance_ID: 90219
---------
12
6
8.0 92.0
43.0 40.0
72.0 81.0
99.0 87.0
14.0 73.0
45.0 44.0
77.0 39.0
65.0 78.0
97.0 25.0
46.0 72.0
22.0 17.0
68.0 56.0

# instance_ID: 51187
---------
12
6
43.0 15.0
95.0 25.0
27.0 49.0
42.0 79.0
10.0 40.0
34.0 45.0
26.0 22.0
91.0 39.0
25.0 46.0
92.0 99.0
10.0 34.0
71.0 57.0

# instance_ID: 49755
---------
12
6
53.0 65.0
14.0 47.0
55.0 86.0
4.0 10.0
24.0 23.0
46.0 69.0
85.0 97.0
13.0 76.0
74.0 24.0
77.0 41.0
44.0 57.0
36.0 14.0

# instance_ID: 52483
---------
12
6
13.0 96.0
25.0 91.0
42.0 36.0
60.0 86.0
59.0 28.0
38.0 75.0
15.0 52.0
9.0 3.0
14.0 47.0
53.0 88.0
42.0 9.0
95.0 15.0

# instance_ID: 38455
---------
12
6
54.0 80.0
56.0 79.0
39.0 90.0
64.0 15.0
82.0 11.0
93.0 28.0
34.0 32.0
79.0 59.0
16.0 17.0
98.0 97.0
82.0 0.0
91.0 70.0

# instance_ID: 1105
---------
12
6
54.0 97.0
23.0 70.0
79.0 8.0
67.0 50.0
41.0 9.0
27.0 53.0
36.0 57.0
97.0 61.0
3.0 1.0
42.0 87.0
36.0 34.0
30.0 19.0

# instance_ID: 52135
---------
12
6
38.0 43.0
22.0 62.0
99.0 78.0
4.0 72.0
91.0 22.0
82.0 23.0
51.0 31.0
4.0 89.0
9.0 28.0
19.0 37.0
32.0 12.0
64.0 19.0

# instance_ID: 67059
---------
12
6
29.0 72.0
98.0 44.0
29.0 58.0
4.0 73.0
53.0 71.0
65.0 19.0
96.0 14.0
60.0 63.0
59.0 41.0
30.0 42.0
59.0 24.0
53.0 73.0

# instance_ID: 29381
---------
12
6
69.0 10.0
94.0 14.0
40.0 75.0
27.0 44.0
17.0 14.0
91.0 42.0
58.0 48.0
4.0 2.0
57.0 71.0
34.0 4.0
3.0 96.0
84.0 44.0

# instance_ID: 65652
---------
12
6
17.0 45.0
67.0 41.0
35.0 3.0
45.0 6.0
16.0 88.0
80.0 74.0
38.0 19.0
17.0 83.0
0.0 19.0
25.0 61.0
19.0 72.0
86.0 78.0

# instance_ID: 93304
---------
12
6
9.0 15.0
72.0 78.0
5.0 71.0
99.0 19.0
32.0 3.0
25.0 85.0
46.0 2.0
37.0 26.0
54.0 38.0
70.0 81.0
28.0 76.0
39.0 6.0

# instance_ID: 22529
---------
12
6
91.0 24.0
12.0 68.0
39.0 55.0
72.0 87.0
23.0 85.0
46.0 40.0
92.0 36.0
17.0 43.0
17.0 81.0
29.0 84.0
61.0 91.0
69.0 92.0

# instance_ID: 17128
---------
12
6
47.0 11.0
28.0 90.0
62.0 98.0
92.0 70.0
5.0 65.0
64.0 40.0
57.0 42.0
4.0 6.0
49.0 68.0
93.0 66.0
42.0 91.0
54.0 87.0

# instance_ID: 38680
---------
12
6
29.0 68.0
86.0 11.0
76.0 34.0
42.0 66.0
88.0 0.0
55.0 90.0
77.0 23.0
74.0 33.0
10.0 30.0
27.0 59.0
93.0 22.0
18.0 51.0

# instance_ID: 98827
---------
12
6
0.0 76.0
95.0 52.0
8.0 27.0
90.0 10.0
26.0 66.0
72.0 67.0
22.0 85.0
7.0 82.0
33.0 7.0
86.0 67.0
93.0 4.0
83.0 50.0

# instance_ID: 49200
---------
12
6
39.0 33.0
30.0 51.0
49.0 68.0
64.0 94.0
55.0 70.0
49.0 67.0
78.0 85.0
52.0 37.0
99.0 10.0
0.0 38.0
68.0 45.0
93.0 35.0

# instance_ID: 71925
---------
12
6
12.0 39.0
2.0 38.0
59.0 30.0
77.0 91.0
47.0 17.0
56.0 70.0
78.0 4.0
22.0 79.0
33.0 28.0
5.0 88.0
25.0 54.0
73.0 70.0

# instance_ID: 89134
---------
12
6
23.0 92.0
88.0 29.0
90.0 35.0
14.0 7.0
22.0 89.0
12.0 70.0
40.0 55.0
61.0 58.0
9.0 25.0
3.0 58.0
18.0 46.0
77.0 75.0

# instance_ID: 29780
---------
12
6
94.0 82.0
48.0 73.0
59.0 74.0
85.0 15.0
92.0 43.0
40.0 6.0
6.0 67.0
10.0 52.0
25.0 42.0
15.0 37.0
56.0 67.0
33.0 14.0

# instance_ID: 88819
---------
12
6
1.0 11.0
76.0 19.0
25.0 71.0
37.0 18.0
74.0 56.0
35.0 92.0
88.0 46.0
80.0 40.0
61.0 6.0
50.0 63.0
59.0 93.0
45.0 76.0

# instance_ID: 75391
---------
12
6
56.0 63.0
54.0 78.0
57.0 60.0
5.0 51.0
90.0 0.0
55.0 54.0
1.0 26.0
18.0 5.0
37.0 66.0
42.0 94.0
89.0 79.0
72.0 7.0

# instance_ID: 27498
---------
12
6
70.0 63.0
38.0 64.0
99.0 45.0
81.0 59.0
60.0 5.0
11.0 28.0
35.0 1.0
3.0 41.0
43.0 75.0
89.0 29.0
39.0 37.0
4.0 65.0

# instance_ID: 5323
---------
12
6
32.0 90.0
39.0 86.0
86.0 25.0
98.0 94.0
31.0 11.0
40.0 79.0
44.0 51.0
42.0 5.0
72.0 53.0
32.0 61.0
22.0 70.0
57.0 19.0

# instance_ID: 4748
---------
12
6
0.0 3.0
49.0 68.0
66.0 90.0
50.0 36.0
24.0 26.0
77.0 21.0
89.0 15.0
66.0 48.0
47.0 40.0
21.0 9.0
17.0 99.0
98.0 63.0

# instance_ID: 28152
---------
12
6
9.0 46.0
26.0 39.0
38.0 55.0
84.0 17.0
25.0 35.0
13.0 1.0
44.0 56.0
23.0 29.0
75.0 62.0
35.0 11.0
10.0 91.0
8.0 86.0

# instance_ID: 31291
---------
12
6
39.0 0.0
2.0 14.0
82.0 98.0
92.0 50.0
31.0 15.0
8.0 88.0
3.0 9.0
30.0 35.0
62.0 7.0
25.0 89.0
34.0 15.0
57.0 15.0

# instance_ID: 76998
---------
12
6
10.0 61.0
28.0 37.0
47.0 82.0
69.0 40.0
19.0 95.0
27.0 49.0
34.0 20.0
89.0 95.0
13.0 39.0
4.0 34.0
9.0 71.0
31.0 73.0

# instance_ID: 31468
---------
12
6
20.0 64.0
51.0 82.0
10.0 44.0
87.0 44.0
91.0 88.0
61.0 46.0
61.0 90.0
40.0 63.0
71.0 0.0
0.0 20.0
61.0 91.0
28.0 16.0

# instance_ID: 19900
---------
12
6
84.0 98.0
56.0 16.0
78.0 38.0
13.0 96.0
10.0 2.0
51.0 0.0
90.0 79.0
57.0 89.0
4.0 0.0
24.0 51.0
8.0 61.0
50.0 77.0

# instance_ID: 68392
---------
12
6
23.0 19.0
64.0 70.0
67.0 94.0
85.0 73.0
9.0 91.0
63.0 10.0
80.0 4.0
60.0 89.0
1.0 45.0
55.0 94.0
2.0 87.0
16.0 44.0

# instance_ID: 6656
---------
12
6
95.0 82.0
18.0 17.0
40.0 50.0
21.0 78.0
16.0 31.0
27.0 8.0
81.0 61.0
89.0 90.0
98.0 90.0
23.0 75.0
14.0 15.0
8.0 7.0

# instance_ID: 69666
---------
12
6
85.0 66.0
12.0 9.0
7.0 75.0
83.0 25.0
67.0 75.0
96.0 56.0
40.0 30.0
14.0 11.0
18.0 29.0
76.0 94.0
99.0 64.0
14.0 26.0

# instance_ID: 20747
---------
12
6
85.0 39.0
58.0 31.0
48.0 76.0
13.0 96.0
48.0 57.0
50.0 96.0
62.0 8.0
81.0 42.0
65.0 94.0
3.0 7.0
23.0 77.0
42.0 71.0

# instance_ID: 71669
---------
12
6
30.0 3.0
78.0 77.0
33.0 6.0
78.0 63.0
63.0 38.0
60.0 45.0
41.0 21.0
41.0 73.0
4.0 4.0
28.0 30.0
96.0 73.0
85.0 38.0

# instance_ID: 13928
---------
12
6
56.0 61.0
5.0 34.0
35.0 40.0
67.0 57.0
26.0 7.0
97.0 42.0
58.0 89.0
79.0 72.0
27.0 94.0
47.0 63.0
31.0 63.0
9.0 14.0

# instance_ID: 36674
---------
12
6
19.0 6.0
79.0 93.0
52.0 84.0
66.0 14.0
47.0 61.0
16.0 31.0
38.0 60.0
30.0 8.0
91.0 94.0
73.0 57.0
29.0 60.0
26.0 48.0

# instance_ID: 40933
---------
12
6
49.0 56.0
70.0 93.0
12.0 68.0
33.0 75.0
65.0 32.0
57.0 68.0
42.0 5.0
32.0 84.0
6.0 89.0
96.0 3.0
77.0 55.0
31.0 87.0

# instance_ID: 4852
---------
12
6
82.0 63.0
1.0 92.0
26.0 33.0
18.0 6.0
43.0 82.0
29.0 93.0
74.0 71.0
40.0 43.0
19.0 3.0
8.0 18.0
70.0 14.0
92.0 48.0

# instance_ID: 34512
---------
12
6
62.0 59.0
51.0 12.0
57.0 60.0
97.0 90.0
35.0 84.0
84.0 29.0
59.0 10.0
60.0 93.0
91.0 15.0
30.0 0.0
96.0 57.0
27.0 16.0

# instance_ID: 54883
---------
12
6
36.0 65.0
63.0 7.0
49.0 2.0
2.0 16.0
0.0 42.0
28.0 29.0
75.0 74.0
57.0 97.0
53.0 21.0
91.0 40.0
0.0 71.0
54.0 58.0

# instance_ID: 84468
---------
12
6
67.0 50.0
97.0 1.0
51.0 16.0
35.0 36.0
75.0 34.0
7.0 52.0
61.0 49.0
27.0 48.0
99.0 50.0
57.0 22.0
69.0 28.0
3.0 4.0

# instance_ID: 93082
---------
12
6
40.0 84.0
41.0 38.0
65.0 67.0
6.0 3.0
29.0 74.0
96.0 68.0
63.0 94.0
15.0 85.0
50.0 59.0
9.0 33.0
78.0 38.0
38.0 59.0

# instance_ID: 16062
---------
12
6
19.0 10.0
7.0 89.0
78.0 89.0
55.0 49.0
12.0 61.0
10.0 10.0
92.0 21.0
23.0 69.0
64.0 9.0
78.0 10.0
62.0 35.0
62.0 97.0

# instance_ID: 48974
---------
12
6
95.0 81.0
82.0 2.0
9.0 15.0
39.0 6.0
54.0 68.0
44.0 66.0
29.0 43.0
41.0 65.0
27.0 18.0
96.0 9.0
3.0 72.0
42.0 44.0

# instance_ID: 53781
---------
12
6
1.0 0.0
15.0 90.0
40.0 83.0
20.0 29.0
54.0 8.0
90.0 72.0
95.0 16.0
93.0 16.0
23.0 5.0
97.0 14.0
76.0 88.0
13.0 32.0

# instance_ID: 47576
---------
12
6
85.0 86.0
85.0 52.0
34.0 92.0
73.0 52.0
62.0 79.0
91.0 43.0
29.0 70.0
55.0 11.0
81.0 0.0
12.0 62.0
1.0 48.0
19.0 1.0

# instance_ID: 83813
---------
12
6
55.0 13.0
45.0 98.0
88.0 39.0
77.0 20.0
29.0 70.0
46.0 72.0
82.0 15.0
9.0 37.0
7.0 12.0
57.0 33.0
56.0 82.0
38.0 52.0

# instance_ID: 52932
---------
12
6
40.0 99.0
14.0 80.0
70.0 84.0
82.0 0.0
22.0 55.0
1.0 37.0
83.0 39.0
43.0 83.0
23.0 95.0
79.0 67.0
12.0 19.0
63.0 44.0

# instance_ID: 15361
---------
12
6
73.0 9.0
52.0 0.0
0.0 87.0
33.0 71.0
47.0 38.0
19.0 23.0
0.0 89.0
85.0 80.0
86.0 67.0
13.0 28.0
40.0 11.0
96.0 31.0

# instance_ID: 1886
---------
12
6
47.0 50.0
47.0 91.0
94.0 97.0
81.0 7.0
72.0 65.0
18.0 86.0
90.0 39.0
30.0 89.0
13.0 98.0
21.0 78.0
56.0 56.0
26.0 31.0

# instance_ID: 76995
---------
12
6
50.0 7.0
94.0 70.0
10.0 99.0
37.0 68.0
15.0 94.0
2.0 0.0
89.0 65.0
29.0 48.0
11.0 22.0
81.0 99.0
29.0 86.0
44.0 27.0

# instance_ID: 12347
---------
12
6
92.0 97.0
66.0 4.0
68.0 41.0
64.0 52.0
94.0 78.0
64.0 71.0
4.0 76.0
80.0 95.0
70.0 56.0
34.0 55.0
7.0 49.0
22.0 44.0

# instance_ID: 70791
---------
12
6
11.0 57.0
82.0 28.0
39.0 37.0
65.0 78.0
53.0 80.0
30.0 53.0
73.0 1.0
16.0 46.0
63.0 34.0
71.0 56.0
10.0 54.0
85.0 28.0

# instance_ID: 28893
---------
12
6
93.0 53.0
35.0 41.0
18.0 82.0
19.0 77.0
94.0 77.0
21.0 57.0
3.0 3.0
49.0 33.0
19.0 95.0
73.0 38.0
21.0 76.0
38.0 86.0

# instance_ID: 27959
---------
12
6
88.0 83.0
41.0 52.0
13.0 97.0
22.0 50.0
13.0 8.0
49.0 74.0
94.0 15.0
76.0 31.0
24.0 7.0
16.0 46.0
48.0 40.0
39.0 91.0

# instance_ID: 74478
---------
12
6
45.0 18.0
80.0 84.0
24.0 55.0
76.0 52.0
17.0 56.0
17.0 55.0
48.0 14.0
41.0 12.0
12.0 33.0
52.0 37.0
58.0 76.0
55.0 31.0

# instance_ID: 48054
---------
12
6
77.0 36.0
55.0 83.0
25.0 33.0
2.0 22.0
13.0 44.0
45.0 45.0
58.0 89.0
50.0 2.0
25.0 98.0
75.0 32.0
83.0 21.0
83.0 34.0

# instance_ID: 72246
---------
12
6
5.0 54.0
84.0 14.0
67.0 12.0
27.0 90.0
17.0 72.0
66.0 9.0
86.0 29.0
27.0 7.0
42.0 35.0
10.0 64.0
72.0 65.0
19.0 37.0

# instance_ID: 2342
---------
12
6
89.0 23.0
77.0 84.0
84.0 92.0
69.0 43.0
51.0 76.0
7.0 96.0
55.0 77.0
94.0 22.0
97.0 98.0
26.0 55.0
99.0 97.0
54.0 9.0

# instance_ID: 18594
---------
12
6
89.0 50.0
72.0 98.0
56.0 83.0
77.0 59.0
75.0 96.0
59.0 78.0
23.0 62.0
8.0 43.0
24.0 78.0
15.0 76.0
62.0 53.0
2.0 12.0

# instance_ID: 54155
---------
12
6
96.0 62.0
39.0 11.0
33.0 99.0
61.0 89.0
87.0 21.0
89.0 98.0
70.0 91.0
81.0 33.0
96.0 84.0
72.0 3.0
24.0 30.0
44.0 70.0

# instance_ID: 73207
---------
12
6
30.0 81.0
66.0 12.0
0.0 81.0
81.0 1.0
78.0 53.0
87.0 48.0
42.0 9.0
48.0 58.0
42.0 83.0
50.0 14.0
12.0 89.0
87.0 58.0

# instance_ID: 56218
---------
12
6
47.0 35.0
37.0 90.0
23.0 18.0
36.0 55.0
18.0 62.0
48.0 17.0
74.0 48.0
29.0 24.0
87.0 93.0
39.0 80.0
50.0 10.0
94.0 39.0

# instance_ID: 39799
---------
12
6
95.0 4.0
55.0 63.0
79.0 37.0
62.0 44.0
62.0 36.0
96.0 54.0
52.0 23.0
38.0 71.0
91.0 51.0
8.0 1.0
20.0 87.0
31.0 67.0

# instance_ID: 98241
---------
12
6
42.0 11.0
96.0 24.0
6.0 10.0
6.0 38.0
85.0 7.0
2.0 26.0
78.0 6.0
84.0 35.0
14.0 65.0
78.0 68.0
65.0 73.0
30.0 28.0

# instance_ID: 10560
---------
12
6
88.0 78.0
98.0 50.0
11.0 54.0
60.0 15.0
35.0 50.0
27.0 42.0
53.0 17.0
43.0 26.0
1.0 46.0
13.0 95.0
44.0 7.0
76.0 36.0

# instance_ID: 61685
---------
12
6
50.0 45.0
28.0 56.0
11.0 11.0
46.0 55.0
89.0 2.0
32.0 60.0
88.0 99.0
22.0 34.0
87.0 70.0
41.0 77.0
75.0 16.0
32.0 47.0

# instance_ID: 49678
---------
12
6
55.0 26.0
13.0 81.0
35.0 29.0
69.0 89.0
73.0 48.0
68.0 62.0
96.0 44.0
10.0 43.0
78.0 65.0
15.0 28.0
46.0 29.0
16.0 39.0

# instance_ID: 15183
---------
12
6
19.0 30.0
43.0 76.0
3.0 12.0
63.0 0.0
36.0 82.0
97.0 80.0
77.0 96.0
27.0 45.0
35.0 84.0
69.0 59.0
37.0 95.0
75.0 4.0

# instance_ID: 26845
---------
12
6
44.0 40.0
25.0 77.0
47.0 56.0
77.0 62.0
90.0 97.0
6.0 90.0
13.0 34.0
31.0 82.0
14.0 74.0
85.0 5.0
3.0 27.0
47.0 66.0

# instance_ID: 15434
---------
12
6
53.0 81.0
38.0 29.0
83.0 24.0
22.0 15.0
53.0 67.0
85.0 24.0
52.0 70.0
42.0 94.0
43.0 29.0
66.0 85.0
73.0 16.0
18.0 41.0

# instance_ID: 59431
---------
12
6
51.0 40.0
18.0 63.0
45.0 40.0
7.0 24.0
52.0 8.0
43.0 92.0
42.0 74.0
48.0 17.0
17.0 6.0
69.0 58.0
83.0 86.0
63.0 72.0

# instance_ID: 79098
---------
12
6
77.0 88.0
66.0 99.0
39.0 46.0
48.0 56.0
80.0 65.0
74.0 94.0
37.0 78.0
77.0 43.0
83.0 44.0
84.0 69.0
97.0 48.0
77.0 11.0

# instance_ID: 71426
---------
12
6
82.0 36.0
80.0 4.0
74.0 86.0
6.0 31.0
91.0 61.0
49.0 69.0
61.0 4.0
77.0 92.0
95.0 43.0
58.0 92.0
45.0 70.0
13.0 5.0

# instance_ID: 40061
---------
12
6
9.0 55.0
96.0 90.0
84.0 81.0
99.0 33.0
69.0 52.0
41.0 39.0
61.0 88.0
79.0 16.0
51.0 26.0
51.0 20.0
27.0 22.0
39.0 30.0

# instance_ID: 33640
---------
12
6
41.0 27.0
0.0 32.0
69.0 60.0
3.0 89.0
24.0 89.0
23.0 50.0
60.0 72.0
85.0 64.0
68.0 23.0
77.0 48.0
20.0 67.0
79.0 91.0

# instance_ID: 50742
---------
12
6
2.0 75.0
57.0 17.0
60.0 84.0
66.0 87.0
11.0 72.0
53.0 4.0
4.0 48.0
84.0 65.0
39.0 96.0
26.0 14.0
50.0 13.0
39.0 93.0

# instance_ID: 78532
---------
12
6
44.0 60.0
43.0 2.0
99.0 15.0
39.0 33.0
91.0 57.0
23.0 37.0
95.0 33.0
80.0 30.0
20.0 72.0
55.0 74.0
95.0 87.0
97.0 52.0

# instance_ID: 12118
---------
12
6
18.0 21.0
89.0 36.0
44.0 66.0
90.0 70.0
24.0 51.0
62.0 27.0
28.0 12.0
89.0 2.0
4.0 77.0
7.0 65.0
99.0 38.0
28.0 32.0

# instance_ID: 33588
---------
12
6
66.0 47.0
9.0 67.0
73.0 23.0
98.0 66.0
53.0 69.0
9.0 69.0
9.0 58.0
34.0 43.0
55.0 53.0
67.0 79.0
33.0 67.0
82.0 65.0

# instance_ID: 26018
---------
12
6
74.0 0.0
6.0 13.0
98.0 33.0
4.0 94.0
70.0 78.0
22.0 7.0
27.0 82.0
98.0 90.0
60.0 36.0
65.0 71.0
13.0 39.0
32.0 10.0

# instance_ID: 99573
---------
12
6
57.0 25.0
70.0 22.0
19.0 88.0
57.0 79.0
98.0 93.0
68.0 28.0
15.0 79.0
85.0 59.0
25.0 16.0
32.0 10.0
62.0 88.0
83.0 81.0

# instance_ID: 61676
---------
12
6
85.0 60.0
27.0 30.0
93.0 55.0
15.0 58.0
7.0 10.0
19.0 59.0
21.0 35.0
7.0 99.0
35.0 63.0
48.0 81.0
68.0 10.0
38.0 92.0

# instance_ID: 17592
---------
12
6
95.0 70.0
65.0 73.0
45.0 6.0
63.0 46.0
6.0 94.0
27.0 74.0
13.0 32.0
42.0 52.0
62.0 15.0
43.0 54.0
23.0 75.0
8.0 36.0

# instance_ID: 86517
---------
12
6
87.0 96.0
92.0 50.0
11.0 6.0
70.0 88.0
63.0 7.0
62.0 62.0
52.0 59.0
28.0 52.0
4.0 60.0
38.0 89.0
49.0 37.0
93.0 27.0

# instance_ID: 76217
---------
12
6
4.0 17.0
59.0 70.0
34.0 88.0
43.0 24.0
17.0 49.0
68.0 38.0
61.0 72.0
43.0 17.0
85.0 76.0
60.0 39.0
7.0 20.0
33.0 29.0

# instance_ID: 86481
---------
12
6
47.0 41.0
40.0 52.0
5.0 62.0
23.0 5.0
4.0 73.0
52.0 17.0
97.0 97.0
81.0 33.0
69.0 99.0
67.0 50.0
10.0 83.0
61.0 59.0

# instance_ID: 2774
---------
12
6
65.0 36.0
63.0 64.0
74.0 82.0
28.0 43.0
85.0 99.0
73.0 52.0
5.0 45.0
73.0 90.0
19.0 67.0
73.0 21.0
68.0 19.0
7.0 24.0

# instance_ID: 40373
---------
12
6
7.0 60.0
27.0 71.0
76.0 23.0
80.0 17.0
19.0 94.0
22.0 47.0
38.0 21.0
34.0 3.0
13.0 74.0
72.0 71.0
62.0 21.0
81.0 57.0

# instance_ID: 81347
---------
12
6
68.0 33.0
76.0 68.0
78.0 78.0
64.0 24.0
78.0 40.0
44.0 12.0
34.0 44.0
45.0 12.0
28.0 14.0
87.0 86.0
16.0 87.0
13.0 3.0

# instance_ID: 55486
---------
12
6
79.0 15.0
67.0 5.0
78.0 65.0
71.0 78.0
4.0 5.0
75.0 8.0
9.0 75.0
42.0 76.0
99.0 20.0
25.0 13.0
50.0 85.0
35.0 52.0

# instance_ID: 52674
---------
12
6
15.0 89.0
99.0 5.0
30.0 41.0
81.0 5.0
72.0 80.0
58.0 85.0
58.0 96.0
90.0 33.0
58.0 95.0
56.0 26.0
82.0 5.0
86.0 52.0

# instance_ID: 63423
---------
12
6
66.0 21.0
31.0 40.0
52.0 66.0
3.0 66.0
60.0 15.0
68.0 65.0
42.0 34.0
81.0 56.0
55.0 92.0
75.0 46.0
61.0 86.0
15.0 53.0

# instance_ID: 9403
---------
12
6
64.0 95.0
0.0 79.0
51.0 79.0
62.0 63.0
38.0 27.0
78.0 74.0
6.0 39.0
12.0 31.0
37.0 88.0
63.0 74.0
92.0 37.0
7.0 80.0

# instance_ID: 38779
---------
12
6
7.0 10.0
17.0 96.0
9.0 41.0
53.0 13.0
15.0 44.0
10.0 66.0
35.0 59.0
36.0 99.0
15.0 4.0
18.0 29.0
93.0 43.0
22.0 55.0

# instance_ID: 8483
---------
12
6
23.0 5.0
3.0 39.0
29.0 66.0
69.0 70.0
95.0 71.0
37.0 10.0
77.0 18.0
66.0 25.0
30.0 22.0
52.0 18.0
9.0 40.0
46.0 55.0

# instance_ID: 96292
---------
12
6
57.0 80.0
34.0 95.0
2.0 49.0
1.0 38.0
30.0 56.0
60.0 17.0
74.0 44.0
99.0 48.0
2.0 32.0
67.0 14.0
29.0 43.0
2.0 70.0

# instance_ID: 7616
---------
6
3
54.0 95.0
37.0 50.0
49.0 52.0
87.0 81.0
15.0 38.0
43.0 4.0

# instance_ID: 88358
---------
6
3
80.0 28.0
6.0 88.0
62.0 69.0
74.0 4.0
37.0 71.0
60.0 73.0

# instance_ID: 3648
---------
6
3
95.0 87.0
58.0 46.0
94.0 99.0
29.0 33.0
86.0 25.0
26.0 61.0

# instance_ID: 92759
---------
6
3
94.0 95.0
2.0 13.0
40.0 52.0
28.0 90.0
50.0 79.0
52.0 41.0

# instance_ID: 25900
---------
6
3
18.0 53.0
54.0 21.0
11.0 37.0
52.0 14.0
87.0 21.0
12.0 15.0

# instance_ID: 89862
---------
6
3
63.0 63.0
80.0 3.0
48.0 15.0
32.0 92.0
12.0 3.0
96.0 95.0

# instance_ID: 65217
---------
6
3
20.0 69.0
42.0 40.0
57.0 74.0
26.0 42.0
40.0 66.0
94.0 69.0

# instance_ID: 61684
---------
6
3
18.0 43.0
0.0 51.0
81.0 93.0
79.0 48.0
66.0 7.0
90.0 61.0

# instance_ID: 30198
---------
6
3
58.0 29.0
39.0 43.0
10.0 27.0
2.0 4.0
81.0 62.0
14.0 70.0

# instance_ID: 3931
---------
6
3
36.0 20.0
76.0 39.0
10.0 88.0
84.0 34.0
15.0 98.0
28.0 57.0

# instance_ID: 83848
---------
6
3
77.0 28.0
42.0 71.0
12.0 32.0
90.0 56.0
74.0 66.0
93.0 52.0

# instance_ID: 89927
---------
6
3
63.0 65.0
59.0 0.0
61.0 10.0
5.0 71.0
28.0 2.0
25.0 54.0

# instance_ID: 95305
---------
6
3
25.0 26.0
9.0 25.0
83.0 43.0
26.0 24.0
87.0 90.0
51.0 68.0

# instance_ID: 2516
---------
6
3
95.0 26.0
45.0 33.0
64.0 33.0
23.0 84.0
80.0 17.0
26.0 94.0

# instance_ID: 90095
---------
6
3
15.0 41.0
19.0 27.0
66.0 29.0
2.0 55.0
16.0 23.0
56.0 32.0

# instance_ID: 43251
---------
6
3
61.0 54.0
14.0 82.0
62.0 28.0
20.0 55.0
6.0 22.0
38.0 22.0

# instance_ID: 21574
---------
6
3
93.0 72.0
75.0 11.0
84.0 62.0
33.0 91.0
87.0 79.0
73.0 15.0

# instance_ID: 95266
---------
6
3
45.0 95.0
4.0 31.0
13.0 67.0
55.0 27.0
68.0 38.0
45.0 9.0

# instance_ID: 20384
---------
6
3
35.0 61.0
82.0 4.0
27.0 5.0
53.0 68.0
18.0 26.0
97.0 71.0

# instance_ID: 82974
---------
6
3
22.0 78.0
55.0 17.0
87.0 77.0
3.0 55.0
38.0 40.0
37.0 5.0

# instance_ID: 52552
---------
6
3
39.0 2.0
73.0 2.0
11.0 45.0
74.0 22.0
26.0 71.0
44.0 62.0

# instance_ID: 24363
---------
6
3
19.0 97.0
97.0 7.0
33.0 97.0
85.0 10.0
89.0 65.0
93.0 37.0

# instance_ID: 34162
---------
6
3
9.0 93.0
74.0 80.0
99.0 55.0
6.0 28.0
83.0 62.0
51.0 12.0

# instance_ID: 66176
---------
6
3
95.0 9.0
62.0 48.0
13.0 90.0
39.0 75.0
17.0 27.0
20.0 95.0

# instance_ID: 55978
---------
6
3
63.0 99.0
22.0 47.0
19.0 33.0
80.0 98.0
96.0 45.0
7.0 67.0

# instance_ID: 2834
---------
6
3
95.0 61.0
25.0 53.0
77.0 52.0
6.0 41.0
13.0 10.0
95.0 97.0

# instance_ID: 10350
---------
6
3
75.0 47.0
81.0 65.0
30.0 22.0
40.0 7.0
19.0 77.0
73.0 69.0

# instance_ID: 41916
---------
6
3
84.0 81.0
59.0 31.0
13.0 6.0
45.0 15.0
62.0 4.0
75.0 77.0

# instance_ID: 26853
---------
6
3
3.0 32.0
27.0 12.0
4.0 98.0
1.0 46.0
83.0 61.0
88.0 64.0

# instance_ID: 69358
---------
6
3
13.0 37.0
34.0 40.0
92.0 92.0
34.0 24.0
12.0 96.0
8.0 83.0

# instance_ID: 92751
---------
6
3
64.0 76.0
17.0 80.0
47.0 89.0
69.0 4.0
48.0 35.0
49.0 51.0

# instance_ID: 60871
---------
6
3
34.0 32.0
2.0 96.0
39.0 15.0
9.0 82.0
80.0 66.0
48.0 56.0

# instance_ID: 29565
---------
6
3
58.0 82.0
83.0 57.0
25.0 61.0
36.0 1.0
72.0 18.0
37.0 68.0

# instance_ID: 67438
---------
6
3
61.0 23.0
46.0 36.0
40.0 65.0
25.0 76.0
10.0 30.0
23.0 50.0

# instance_ID: 56194
---------
6
3
87.0 13.0
80.0 92.0
26.0 6.0
62.0 99.0
23.0 85.0
28.0 93.0

# instance_ID: 50754
---------
6
3
20.0 27.0
89.0 34.0
24.0 74.0
38.0 31.0
66.0 31.0
64.0 47.0

# instance_ID: 10868
---------
6
3
73.0 88.0
61.0 96.0
78.0 13.0
56.0 55.0
77.0 53.0
65.0 42.0

# instance_ID: 25712
---------
6
3
54.0 86.0
22.0 40.0
4.0 27.0
85.0 92.0
55.0 91.0
0.0 54.0

# instance_ID: 31333
---------
6
3
39.0 52.0
26.0 19.0
74.0 15.0
54.0 66.0
27.0 4.0
43.0 68.0

# instance_ID: 77601
---------
6
3
70.0 14.0
99.0 79.0
8.0 24.0
69.0 44.0
66.0 63.0
22.0 76.0

# instance_ID: 51364
---------
6
3
39.0 90.0
28.0 62.0
65.0 29.0
82.0 50.0
37.0 92.0
23.0 86.0

# instance_ID: 31601
---------
6
3
35.0 82.0
55.0 67.0
23.0 56.0
84.0 42.0
94.0 98.0
23.0 6.0

# instance_ID: 22289
---------
6
3
29.0 35.0
19.0 76.0
74.0 8.0
98.0 16.0
53.0 70.0
46.0 78.0

# instance_ID: 50485
---------
6
3
47.0 65.0
73.0 66.0
1.0 40.0
48.0 43.0
22.0 96.0
86.0 54.0

# instance_ID: 61055
---------
6
3
86.0 83.0
74.0 14.0
57.0 37.0
15.0 16.0
50.0 3.0
67.0 77.0

# instance_ID: 41921
---------
6
3
72.0 70.0
49.0 80.0
13.0 65.0
49.0 74.0
94.0 59.0
34.0 78.0

# instance_ID: 58259
---------
6
3
90.0 89.0
34.0 26.0
86.0 13.0
20.0 43.0
49.0 47.0
13.0 58.0

# instance_ID: 42238
---------
6
3
52.0 27.0
66.0 44.0
87.0 8.0
27.0 44.0
83.0 95.0
94.0 94.0

# instance_ID: 52139
---------
6
3
53.0 12.0
82.0 37.0
86.0 60.0
20.0 66.0
99.0 32.0
48.0 3.0

# instance_ID: 17655
---------
6
3
70.0 7.0
81.0 87.0
15.0 31.0
69.0 70.0
93.0 23.0
23.0 15.0

# instance_ID: 78897
---------
6
3
31.0 34.0
45.0 92.0
83.0 65.0
99.0 56.0
67.0 78.0
49.0 23.0

# instance_ID: 1991
---------
6
3
58.0 88.0
84.0 8.0
67.0 79.0
81.0 51.0
55.0 76.0
83.0 43.0

# instance_ID: 21995
---------
6
3
21.0 73.0
10.0 70.0
3.0 35.0
98.0 56.0
49.0 41.0
44.0 33.0

# instance_ID: 42127
---------
6
3
25.0 32.0
50.0 16.0
19.0 12.0
59.0 11.0
59.0 15.0
52.0 13.0

# instance_ID: 37002
---------
6
3
94.0 36.0
22.0 14.0
75.0 85.0
83.0 26.0
72.0 17.0
35.0 45.0

# instance_ID: 9872
---------
6
3
34.0 28.0
32.0 99.0
78.0 46.0
72.0 61.0
36.0 77.0
28.0 34.0

# instance_ID: 26179
---------
6
3
32.0 41.0
70.0 98.0
63.0 6.0
89.0 70.0
9.0 22.0
28.0 59.0

# instance_ID: 68592
---------
6
3
43.0 87.0
84.0 23.0
72.0 79.0
15.0 34.0
60.0 6.0
19.0 48.0

# instance_ID: 6061
---------
6
3
6.0 7.0
65.0 89.0
47.0 50.0
3.0 36.0
9.0 36.0
7.0 67.0

# instance_ID: 65260
---------
6
3
68.0 22.0
93.0 73.0
88.0 15.0
72.0 92.0
12.0 56.0
35.0 33.0

# instance_ID: 6800
---------
6
3
47.0 64.0
19.0 73.0
14.0 91.0
85.0 15.0
4.0 52.0
32.0 10.0

# instance_ID: 77099
---------
6
3
76.0 76.0
84.0 14.0
13.0 18.0
65.0 60.0
26.0 60.0
76.0 35.0

# instance_ID: 75165
---------
6
3
87.0 76.0
6.0 28.0
91.0 84.0
15.0 38.0
39.0 48.0
88.0 31.0

# instance_ID: 11057
---------
6
3
76.0 1.0
74.0 1.0
44.0 52.0
64.0 14.0
59.0 45.0
30.0 34.0

# instance_ID: 81809
---------
6
3
46.0 25.0
32.0 56.0
51.0 48.0
27.0 80.0
85.0 34.0
48.0 42.0

# instance_ID: 54907
---------
6
3
89.0 37.0
81.0 46.0
23.0 0.0
43.0 70.0
19.0 11.0
6.0 70.0

# instance_ID: 7987
---------
6
3
29.0 92.0
99.0 0.0
1.0 97.0
78.0 42.0
70.0 39.0
33.0 18.0

# instance_ID: 35306
---------
6
3
76.0 66.0
12.0 60.0
85.0 95.0
79.0 82.0
91.0 17.0
35.0 12.0

# instance_ID: 51930
---------
6
3
92.0 43.0
11.0 70.0
29.0 97.0
32.0 92.0
97.0 95.0
70.0 19.0

# instance_ID: 59045
---------
6
3
99.0 81.0
54.0 3.0
58.0 51.0
0.0 38.0
28.0 71.0
80.0 72.0

# instance_ID: 76810
---------
6
3
52.0 62.0
67.0 53.0
38.0 18.0
62.0 73.0
74.0 64.0
56.0 10.0

# instance_ID: 38497
---------
6
3
70.0 74.0
39.0 51.0
85.0 90.0
23.0 17.0
27.0 93.0
35.0 38.0

# instance_ID: 52064
---------
6
3
64.0 47.0
71.0 9.0
92.0 51.0
76.0 58.0
87.0 60.0
47.0 4.0

# instance_ID: 88069
---------
6
3
2.0 93.0
43.0 20.0
11.0 15.0
83.0 49.0
98.0 77.0
42.0 77.0

# instance_ID: 62637
---------
6
3
18.0 45.0
50.0 8.0
77.0 58.0
93.0 20.0
27.0 66.0
72.0 87.0

# instance_ID: 70481
---------
6
3
72.0 11.0
7.0 31.0
6.0 13.0
34.0 49.0
8.0 54.0
8.0 43.0

# instance_ID: 45965
---------
6
3
90.0 95.0
74.0 47.0
88.0 43.0
6.0 20.0
91.0 85.0
85.0 55.0

# instance_ID: 80532
---------
6
3
67.0 30.0
0.0 92.0
1.0 97.0
51.0 76.0
78.0 9.0
20.0 48.0

# instance_ID: 99610
---------
6
3
73.0 17.0
17.0 63.0
77.0 46.0
17.0 56.0
17.0 44.0
71.0 75.0

# instance_ID: 84481
---------
6
3
64.0 71.0
41.0 76.0
92.0 11.0
9.0 14.0
19.0 77.0
93.0 78.0

# instance_ID: 12674
---------
6
3
28.0 13.0
63.0 20.0
67.0 11.0
24.0 36.0
30.0 17.0
12.0 22.0

# instance_ID: 62993
---------
6
3
75.0 74.0
27.0 40.0
4.0 74.0
21.0 0.0
79.0 89.0
50.0 5.0

# instance_ID: 40838
---------
6
3
85.0 38.0
94.0 29.0
76.0 2.0
58.0 16.0
58.0 45.0
2.0 33.0

# instance_ID: 95274
---------
6
3
6.0 76.0
37.0 5.0
61.0 7.0
88.0 71.0
68.0 97.0
61.0 78.0

# instance_ID: 80309
---------
6
3
20.0 44.0
29.0 99.0
81.0 0.0
97.0 36.0
81.0 13.0
20.0 85.0

# instance_ID: 65549
---------
6
3
18.0 85.0
74.0 27.0
25.0 98.0
26.0 21.0
86.0 50.0
59.0 40.0

# instance_ID: 29392
---------
6
3
2.0 43.0
84.0 98.0
83.0 9.0
99.0 63.0
73.0 86.0
21.0 65.0

# instance_ID: 31842
---------
6
3
50.0 54.0
68.0 18.0
61.0 42.0
74.0 30.0
8.0 68.0
99.0 22.0

# instance_ID: 36555
---------
6
3
99.0 16.0
47.0 48.0
95.0 27.0
98.0 51.0
61.0 58.0
32.0 42.0

# instance_ID: 94966
---------
6
3
54.0 37.0
31.0 40.0
43.0 54.0
22.0 29.0
4.0 9.0
19.0 2.0

# instance_ID: 52176
---------
6
3
22.0 8.0
44.0 1.0
20.0 30.0
49.0 37.0
99.0 92.0
48.0 4.0

# instance_ID: 12516
---------
6
3
3.0 10.0
52.0 21.0
34.0 24.0
48.0 41.0
56.0 83.0
37.0 50.0

# instance_ID: 36603
---------
6
3
58.0 96.0
29.0 81.0
63.0 68.0
43.0 71.0
10.0 72.0
73.0 66.0

# instance_ID: 47042
---------
6
3
82.0 79.0
47.0 7.0
50.0 90.0
93.0 94.0
12.0 39.0
67.0 10.0

# instance_ID: 22804
---------
6
3
34.0 72.0
33.0 47.0
57.0 67.0
24.0 28.0
10.0 8.0
16.0 18.0

# instance_ID: 14374
---------
6
3
90.0 58.0
56.0 69.0
61.0 81.0
50.0 91.0
96.0 77.0
44.0 10.0

# instance_ID: 50908
---------
6
3
95.0 52.0
56.0 27.0
65.0 46.0
93.0 26.0
77.0 41.0
19.0 97.0

# instance_ID: 3992
---------
6
3
16.0 50.0
19.0 11.0
12.0 31.0
87.0 23.0
46.0 33.0
6.0 59.0

# instance_ID: 23016
---------
6
3
89.0 78.0
15.0 91.0
35.0 72.0
63.0 3.0
27.0 50.0
95.0 71.0

# instance_ID: 34128
---------
6
3
90.0 55.0
56.0 85.0
17.0 75.0
96.0 49.0
26.0 3.0
39.0 10.0

# instance_ID: 60399
---------
6
3
90.0 70.0
21.0 57.0
29.0 99.0
0.0 20.0
91.0 48.0
7.0 6.0

# instance_ID: 95123
---------
6
3
35.0 26.0
56.0 19.0
60.0 20.0
80.0 98.0
8.0 97.0
84.0 66.0

# instance_ID: 34395
---------
6
3
82.0 23.0
86.0 21.0
41.0 6.0
99.0 2.0
85.0 57.0
33.0 0.0

# instance_ID: 69966
---------
6
3
18.0 92.0
57.0 39.0
95.0 28.0
25.0 88.0
62.0 13.0
0.0 88.0

# instance_ID: 57506
---------
6
3
70.0 39.0
26.0 96.0
71.0 68.0
12.0 58.0
40.0 47.0
87.0 95.0

# instance_ID: 67490
---------
6
3
77.0 27.0
13.0 54.0
46.0 34.0
87.0 32.0
11.0 80.0
21.0 73.0

# instance_ID: 66619
---------
6
3
86.0 26.0
92.0 81.0
52.0 53.0
33.0 20.0
44.0 57.0
38.0 2.0

# instance_ID: 15409
---------
6
3
45.0 92.0
55.0 20.0
53.0 21.0
46.0 71.0
57.0 98.0
16.0 67.0

# instance_ID: 80929
---------
6
3
93.0 76.0
25.0 66.0
85.0 52.0
93.0 32.0
94.0 62.0
10.0 88.0

# instance_ID: 3546
---------
6
3
34.0 72.0
80.0 21.0
51.0 45.0
38.0 72.0
12.0 47.0
48.0 7.0

# instance_ID: 61585
---------
6
3
76.0 38.0
56.0 13.0
41.0 73.0
52.0 38.0
68.0 98.0
45.0 54.0

# instance_ID: 53269
---------
6
3
21.0 17.0
41.0 10.0
90.0 66.0
25.0 73.0
43.0 27.0
10.0 69.0

# instance_ID: 17067
---------
6
3
29.0 47.0
70.0 9.0
1.0 40.0
99.0 41.0
58.0 35.0
65.0 1.0

# instance_ID: 13692
---------
6
3
48.0 95.0
83.0 99.0
33.0 23.0
63.0 53.0
21.0 72.0
91.0 15.0

# instance_ID: 77153
---------
6
3
91.0 57.0
94.0 9.0
52.0 96.0
46.0 56.0
53.0 79.0
45.0 38.0

# instance_ID: 1345
---------
6
3
91.0 10.0
9.0 92.0
76.0 36.0
89.0 13.0
55.0 9.0
37.0 78.0

# instance_ID: 51533
---------
6
3
80.0 68.0
8.0 37.0
7.0 99.0
64.0 70.0
32.0 71.0
47.0 49.0

# instance_ID: 39145
---------
6
3
38.0 8.0
49.0 36.0
74.0 67.0
45.0 51.0
23.0 32.0
87.0 97.0

# instance_ID: 37187
---------
6
3
99.0 93.0
93.0 42.0
47.0 87.0
24.0 41.0
87.0 60.0
37.0 43.0

# instance_ID: 33633
---------
6
3
87.0 88.0
92.0 44.0
68.0 58.0
15.0 43.0
57.0 16.0
74.0 94.0

# instance_ID: 10880
---------
6
3
3.0 8.0
34.0 46.0
66.0 20.0
96.0 95.0
41.0 13.0
44.0 49.0

# instance_ID: 59133
---------
6
3
86.0 21.0
44.0 95.0
70.0 42.0
10.0 10.0
23.0 33.0
70.0 61.0

# instance_ID: 8296
---------
6
3
48.0 22.0
32.0 17.0
55.0 15.0
44.0 63.0
74.0 28.0
38.0 92.0

# instance_ID: 45651
---------
6
3
37.0 52.0
21.0 30.0
47.0 1.0
30.0 64.0
88.0 61.0
54.0 23.0

# instance_ID: 60588
---------
6
3
98.0 25.0
73.0 23.0
6.0 38.0
88.0 91.0
92.0 90.0
18.0 50.0

# instance_ID: 67611
---------
6
3
52.0 90.0
25.0 11.0
6.0 72.0
77.0 9.0
49.0 54.0
15.0 47.0

# instance_ID: 4595
---------
6
3
27.0 73.0
5.0 32.0
4.0 91.0
48.0 75.0
54.0 75.0
95.0 26.0

# instance_ID: 31604
---------
6
3
12.0 17.0
18.0 75.0
89.0 94.0
61.0 70.0
33.0 29.0
82.0 2.0

# instance_ID: 45046
---------
6
3
3.0 71.0
35.0 55.0
74.0 85.0
42.0 98.0
47.0 24.0
32.0 87.0

# instance_ID: 84403
---------
6
3
51.0 0.0
95.0 27.0
1.0 93.0
97.0 26.0
5.0 95.0
53.0 60.0

# instance_ID: 52978
---------
6
3
87.0 3.0
62.0 96.0
2.0 89.0
95.0 43.0
23.0 40.0
3.0 82.0

# instance_ID: 58146
---------
6
3
16.0 75.0
53.0 48.0
62.0 80.0
51.0 56.0
3.0 78.0
76.0 58.0

# instance_ID: 4625
---------
6
3
43.0 9.0
26.0 2.0
18.0 28.0
40.0 12.0
41.0 79.0
63.0 11.0

# instance_ID: 22812
---------
6
3
16.0 60.0
94.0 36.0
57.0 71.0
75.0 46.0
63.0 61.0
87.0 88.0

# instance_ID: 7591
---------
6
3
41.0 4.0
28.0 54.0
61.0 60.0
59.0 13.0
86.0 7.0
84.0 26.0

# instance_ID: 29161
---------
6
3
51.0 62.0
2.0 58.0
6.0 31.0
53.0 92.0
3.0 36.0
63.0 83.0

# instance_ID: 23440
---------
6
3
80.0 24.0
0.0 67.0
29.0 55.0
1.0 61.0
77.0 26.0
30.0 83.0

# instance_ID: 47322
---------
6
3
66.0 37.0
99.0 58.0
46.0 74.0
14.0 9.0
62.0 1.0
20.0 12.0

# instance_ID: 51850
---------
6
3
31.0 73.0
41.0 63.0
77.0 9.0
86.0 18.0
56.0 49.0
95.0 19.0

# instance_ID: 72078
---------
6
3
60.0 53.0
34.0 28.0
84.0 31.0
2.0 15.0
35.0 76.0
91.0 54.0

# instance_ID: 32535
---------
6
3
94.0 81.0
71.0 44.0
52.0 79.0
30.0 19.0
30.0 76.0
15.0 47.0

# instance_ID: 61432
---------
6
3
28.0 20.0
88.0 10.0
55.0 48.0
37.0 77.0
77.0 10.0
96.0 91.0

# instance_ID: 46389
---------
6
3
24.0 1.0
54.0 31.0
35.0 61.0
16.0 45.0
82.0 73.0
64.0 6.0

# instance_ID: 84660
---------
6
3
82.0 31.0
53.0 76.0
58.0 72.0
66.0 5.0
55.0 88.0
62.0 35.0

# instance_ID: 10996
---------
6
3
63.0 15.0
50.0 70.0
1.0 44.0
1.0 33.0
7.0 81.0
2.0 66.0

# instance_ID: 71429
---------
6
3
27.0 62.0
84.0 16.0
77.0 38.0
13.0 42.0
34.0 24.0
82.0 31.0

# instance_ID: 96253
---------
6
3
49.0 68.0
60.0 93.0
92.0 27.0
63.0 76.0
78.0 15.0
92.0 37.0

# instance_ID: 41664
---------
6
3
39.0 49.0
91.0 8.0
29.0 99.0
47.0 90.0
81.0 77.0
45.0 10.0

# instance_ID: 28931
---------
6
3
49.0 93.0
89.0 22.0
38.0 48.0
46.0 39.0
41.0 77.0
19.0 41.0

# instance_ID: 36398
---------
6
3
95.0 67.0
74.0 41.0
70.0 7.0
71.0 12.0
5.0 75.0
67.0 17.0

# instance_ID: 51017
---------
6
3
33.0 89.0
14.0 98.0
36.0 67.0
38.0 97.0
47.0 23.0
18.0 70.0

# instance_ID: 60901
---------
6
3
78.0 6.0
60.0 71.0
43.0 51.0
10.0 46.0
90.0 63.0
2.0 48.0

# instance_ID: 23634
---------
6
3
7.0 38.0
84.0 31.0
2.0 2.0
35.0 63.0
9.0 82.0
99.0 94.0

# instance_ID: 72019
---------
6
3
91.0 22.0
31.0 3.0
96.0 10.0
78.0 48.0
58.0 52.0
82.0 39.0

# instance_ID: 19713
---------
6
3
70.0 25.0
26.0 63.0
28.0 48.0
68.0 59.0
4.0 30.0
59.0 38.0

# instance_ID: 23203
---------
6
3
87.0 78.0
90.0 25.0
89.0 91.0
66.0 31.0
56.0 1.0
10.0 24.0

# instance_ID: 38403
---------
6
3
76.0 75.0
46.0 35.0
56.0 50.0
77.0 16.0
24.0 67.0
43.0 91.0

# instance_ID: 91126
---------
6
3
94.0 63.0
18.0 93.0
67.0 86.0
14.0 40.0
6.0 65.0
33.0 15.0

# instance_ID: 7878
---------
6
3
97.0 71.0
62.0 85.0
70.0 69.0
31.0 89.0
81.0 20.0
50.0 14.0

# instance_ID: 88126
---------
6
3
19.0 59.0
36.0 39.0
88.0 9.0
61.0 49.0
6.0 35.0
78.0 68.0

# instance_ID: 73397
---------
6
3
42.0 30.0
98.0 54.0
95.0 75.0
17.0 56.0
30.0 15.0
62.0 47.0

# instance_ID: 60170
---------
6
3
34.0 41.0
41.0 34.0
35.0 86.0
23.0 13.0
89.0 41.0
47.0 48.0

# instance_ID: 26594
---------
6
3
96.0 42.0
84.0 1.0
4.0 95.0
72.0 87.0
54.0 78.0
87.0 48.0

# instance_ID: 54339
---------
6
3
42.0 51.0
58.0 77.0
91.0 46.0
36.0 44.0
26.0 21.0
96.0 36.0

# instance_ID: 68817
---------
6
3
94.0 48.0
73.0 7.0
99.0 64.0
83.0 70.0
69.0 6.0
91.0 23.0

# instance_ID: 83745
---------
6
3
50.0 78.0
24.0 73.0
9.0 68.0
75.0 28.0
55.0 72.0
25.0 72.0

# instance_ID: 22095
---------
6
3
66.0 9.0
17.0 95.0
50.0 89.0
8.0 68.0
91.0 88.0
25.0 5.0

# instance_ID: 87058
---------
6
3
51.0 56.0
73.0 15.0
70.0 4.0
89.0 16.0
7.0 40.0
11.0 72.0

# instance_ID: 97933
---------
6
3
12.0 84.0
46.0 76.0
57.0 37.0
2.0 62.0
75.0 26.0
0.0 92.0

# instance_ID: 39712
---------
6
3
32.0 62.0
5.0 39.0
36.0 73.0
2.0 86.0
90.0 74.0
55.0 94.0

# instance_ID: 31002
---------
6
3
21.0 92.0
34.0 83.0
66.0 9.0
72.0 12.0
69.0 33.0
11.0 61.0

# instance_ID: 58483
---------
6
3
14.0 34.0
22.0 35.0
60.0 7.0
32.0 70.0
73.0 21.0
96.0 64.0

# instance_ID: 41158
---------
6
3
5.0 54.0
64.0 67.0
42.0 70.0
22.0 34.0
48.0 84.0
4.0 79.0

# instance_ID: 31415
---------
6
3
64.0 88.0
50.0 4.0
55.0 35.0
67.0 77.0
46.0 83.0
39.0 92.0

# instance_ID: 49582
---------
6
3
68.0 18.0
81.0 57.0
5.0 21.0
6.0 6.0
83.0 92.0
14.0 86.0

# instance_ID: 40142
---------
6
3
38.0 17.0
2.0 82.0
79.0 45.0
52.0 21.0
96.0 10.0
86.0 47.0

# instance_ID: 16883
---------
6
3
85.0 84.0
38.0 53.0
58.0 25.0
6.0 74.0
78.0 67.0
0.0 62.0

# instance_ID: 79943
---------
6
3
30.0 16.0
57.0 17.0
64.0 11.0
18.0 72.0
14.0 46.0
30.0 81.0

# instance_ID: 15163
---------
6
3
10.0 63.0
66.0 16.0
50.0 14.0
54.0 29.0
68.0 50.0
43.0 95.0

# instance_ID: 86974
---------
6
3
17.0 54.0
84.0 18.0
2.0 42.0
87.0 91.0
6.0 47.0
83.0 32.0

# instance_ID: 42862
---------
6
3
2.0 87.0
30.0 38.0
6.0 21.0
93.0 45.0
55.0 48.0
93.0 84.0

# instance_ID: 54119
---------
6
3
16.0 45.0
83.0 63.0
77.0 12.0
76.0 59.0
46.0 56.0
16.0 67.0

# instance_ID: 87142
---------
6
3
89.0 47.0
57.0 91.0
99.0 0.0
53.0 8.0
50.0 84.0
11.0 8.0

# instance_ID: 20901
---------
6
3
44.0 10.0
56.0 49.0
21.0 76.0
2.0 51.0
48.0 93.0
41.0 20.0

# instance_ID: 11127
---------
6
3
12.0 26.0
86.0 37.0
12.0 60.0
15.0 46.0
29.0 49.0
18.0 52.0

# instance_ID: 10894
---------
6
3
41.0 97.0
10.0 14.0
6.0 43.0
86.0 25.0
69.0 79.0
82.0 60.0

# instance_ID: 17387
---------
6
3
82.0 47.0
46.0 25.0
74.0 61.0
27.0 92.0
57.0 63.0
40.0 57.0

# instance_ID: 15597
---------
6
3
44.0 84.0
31.0 39.0
42.0 22.0
35.0 49.0
89.0 85.0
70.0 67.0

# instance_ID: 99117
---------
6
3
7.0 95.0
26.0 22.0
56.0 47.0
66.0 4.0
31.0 14.0
13.0 76.0

# instance_ID: 97843
---------
6
3
82.0 78.0
35.0 83.0
98.0 16.0
48.0 39.0
70.0 14.0
31.0 53.0

# instance_ID: 3371
---------
6
3
19.0 5.0
74.0 67.0
67.0 12.0
39.0 9.0
39.0 21.0
25.0 86.0

# instance_ID: 89351
---------
6
3
67.0 77.0
41.0 43.0
55.0 11.0
42.0 17.0
22.0 76.0
78.0 83.0

# instance_ID: 19303
---------
6
3
79.0 13.0
9.0 58.0
2.0 84.0
13.0 82.0
65.0 52.0
46.0 4.0

# instance_ID: 60305
---------
6
3
86.0 78.0
7.0 94.0
68.0 30.0
75.0 73.0
38.0 20.0
38.0 11.0

# instance_ID: 15471
---------
6
3
42.0 87.0
83.0 73.0
4.0 66.0
22.0 98.0
59.0 81.0
76.0 95.0

# instance_ID: 53988
---------
6
3
15.0 63.0
69.0 52.0
99.0 61.0
11.0 94.0
41.0 81.0
34.0 60.0

# instance_ID: 42636
---------
6
3
60.0 60.0
7.0 8.0
41.0 84.0
94.0 18.0
7.0 47.0
42.0 92.0

# instance_ID: 84747
---------
6
3
70.0 95.0
1.0 25.0
60.0 45.0
33.0 52.0
3.0 44.0
89.0 12.0

# instance_ID: 14965
---------
6
3
99.0 4.0
30.0 10.0
33.0 40.0
16.0 68.0
37.0 28.0
22.0 13.0

# instance_ID: 30445
---------
6
3
54.0 29.0
87.0 91.0
67.0 67.0
10.0 47.0
18.0 81.0
37.0 43.0
